data/DHd-Abstracts-2016/XML-files/posters-058.xml;"#Noname"
data/DHd-Abstracts-2016/XML-files/posters-058.xml;"#Bif.Ref"
data/DHd-Abstracts-2017/XML-files/vortrag-ECHEL.xml;"#Err"
data/DHd-Abstracts-2020/XML-files/259_final-REINERS_Stefan_Doctoral_Consortium__Stefan_Reiners.xml;"#Bib.Miss"
data/DHd-Abstracts-2020/XML-files/260_final-GEISSLER_Nils_Der_Haken_von_Frazier__der_Ali_1971_zu_Boden_s.xml;"#URI"
